Run Date: 2026-04-14 12:58:31.618989
Spot: 7001.75
GEX: 68147664750.23
Flip: 6928.872275578504
